<?xml version="1.0"?>
<opencv_storage>
<pose_count>22</pose_count>
<is_inverted>0</is_inverted>
<rotation_representation>Quaternion</rotation_representation>
<pose_0 type_id="opencv-matrix">
  <rows>7</rows>
  <cols>1</cols>
  <dt>d</dt>
  <data>
    926.9 1.3 459.2 -0.00371 0.39724 0.01222 0.91762</data></pose_0>
<pose_1 type_id="opencv-matrix">
  <rows>7</rows>
  <cols>1</cols>
  <dt>d</dt>
  <data>
    1010.1 1.3 459.2 -0.00370 0.39723 0.01220 0.91763</data></pose_1>
<pose_2 type_id="opencv-matrix">
  <rows>7</rows>
  <cols>1</cols>
  <dt>d</dt>
  <data>
    1010.1 127.2 459.1 -0.00371 0.39721 0.01221 0.91764</data></pose_2>
<pose_3 type_id="opencv-matrix">
  <rows>7</rows>
  <cols>1</cols>
  <dt>d</dt>
  <data>
    974.0 127.2 575.6 -0.00370 0.39719 0.01221 0.91765</data></pose_3>
<pose_4 type_id="opencv-matrix">
  <rows>7</rows>
  <cols>1</cols>
  <dt>d</dt>
  <data>
    973.9 127.3 429.2 0.10546 0.39578 -0.03511 0.91159</data></pose_4>
<pose_5 type_id="opencv-matrix">
  <rows>7</rows>
  <cols>1</cols>
  <dt>d</dt>
  <data>
    973.9 -101.2 429.1 0.10544 0.39577 -0.03510 0.91160</data></pose_5>
<pose_6 type_id="opencv-matrix">
  <rows>7</rows>
  <cols>1</cols>
  <dt>d</dt>
  <data>
    881.9 29.4 429.1 0.10544 0.39576 -0.03512 0.91160</data></pose_6>
<pose_7 type_id="opencv-matrix">
  <rows>7</rows>
  <cols>1</cols>
  <dt>d</dt>
  <data>
    882.1 130.9 429.1 0.10544 0.39574 -0.03511 0.91161</data></pose_7>
<pose_8 type_id="opencv-matrix">
  <rows>7</rows>
  <cols>1</cols>
  <dt>d</dt>
  <data>
    882.1 112.5 429.1 0.10358 0.35010 -0.0427 0.93010</data></pose_8>
<pose_9 type_id="opencv-matrix">
  <rows>7</rows>
  <cols>1</cols>
  <dt>d</dt>
  <data>
    882.6 20.2 405.9 0.10358 0.35008 -0.04027 0.93010</data></pose_9>
<pose_10 type_id="opencv-matrix">
  <rows>7</rows>
  <cols>1</cols>
  <dt>d</dt>
  <data>
    1058.1 86.9 51.3 0.01402 0.03756 -0.03910 0.99843</data></pose_10>
<pose_11 type_id="opencv-matrix">
  <rows>7</rows>
  <cols>1</cols>
  <dt>d</dt>
  <data>
    1060.3 110.5 113.2 0.00486 0.06856 -0.03857 0.99689</data></pose_11>
<pose_12 type_id="opencv-matrix">
  <rows>7</rows>
  <cols>1</cols>
  <dt>d</dt>
  <data>
    1060.3 110.5 113.1 0.04573 0.09976 -0.03521 0.99334</data></pose_12>
<pose_13 type_id="opencv-matrix">
  <rows>7</rows>
  <cols>1</cols>
  <dt>d</dt>
  <data>
    1037.7 88.0 85.6 0.04758 0.09970 -0.03544 0.99325</data></pose_13>
<pose_14 type_id="opencv-matrix">
  <rows>7</rows>
  <cols>1</cols>
  <dt>d</dt>
  <data>
    1045.1 34.4 196.6 0.25260 0.14596 -0.06209 0.95448</data></pose_14>
<pose_15 type_id="opencv-matrix">
  <rows>7</rows>
  <cols>1</cols>
  <dt>d</dt>
  <data>
    1045.1 34.4 196.5 0.25573 0.20034 -0.04751 0.94457</data></pose_15>
<pose_16 type_id="opencv-matrix">
  <rows>7</rows>
  <cols>1</cols>
  <dt>d</dt>
  <data>
    1005.6 24.6 196.5 0.05268 0.21260 -0.00419 0.97571</data></pose_16>
<pose_17 type_id="opencv-matrix">
  <rows>7</rows>
  <cols>1</cols>
  <dt>d</dt>
  <data>
    1005.6 8.0 152.4 0.10699 0.17279 0.01754 0.97897</data></pose_17>
<pose_18 type_id="opencv-matrix">
  <rows>7</rows>
  <cols>1</cols>
  <dt>d</dt>
  <data>
    1051.8 8.1 243.6 0.10699 0.17279 0.01750 0.97897</data></pose_18>
<pose_19 type_id="opencv-matrix">
  <rows>7</rows>
  <cols>1</cols>
  <dt>d</dt>
  <data>
    1054.2 -89.9 207.3 0.10699 0.17278 0.01748 0.97898</data></pose_19>
<pose_20 type_id="opencv-matrix">
  <rows>7</rows>
  <cols>1</cols>
  <dt>d</dt>
  <data>
    1054.2 -77.5 135.6 0.10699 0.17277 0.01749 0.97898</data></pose_20>
<pose_21 type_id="opencv-matrix">
  <rows>7</rows>
  <cols>1</cols>
  <dt>d</dt>
  <data>
    1054.2 -77.5 135.6 0.12439 0.16067 0.11934 0.97184</data></pose_21>
</opencv_storage>
