<?xml version="1.0"?>
<opencv_storage>
<K0 type_id="opencv-matrix">
  <rows>3</rows>
  <cols>3</cols>
  <dt>f</dt>
  <data>
    4.39068701e+03 0. 1.68750000e+03 0. 4.39068701e+03 1.35150000e+03 0.
    0. 1.</data></K0>
<k0 type_id="opencv-matrix">
  <rows>5</rows>
  <cols>1</cols>
  <dt>f</dt>
  <data>
    -7.65100196e-02 1.53476521e-01 0. 0. 0.</data></k0>
<cam0_error>2.5882395347071957e-01</cam0_error>
<K1 type_id="opencv-matrix">
  <rows>3</rows>
  <cols>3</cols>
  <dt>f</dt>
  <data>
    4.38033301e+03 0. 1.68750000e+03 0. 4.38033301e+03 1.35150000e+03 0.
    0. 1.</data></K1>
<k1 type_id="opencv-matrix">
  <rows>5</rows>
  <cols>1</cols>
  <dt>f</dt>
  <data>
    -6.42594844e-02 3.68469097e-02 0. 0. 0.</data></k1>
<cam1_error>4.1033169111706885e-01</cam1_error>
<R1 type_id="opencv-matrix">
  <rows>3</rows>
  <cols>3</cols>
  <dt>f</dt>
  <data>
    9.00771260e-01 6.50979113e-03 4.34245080e-01 -9.01424140e-03
    9.99952495e-01 3.70824593e-03 -4.34200317e-01 -7.25467131e-03
    9.00787115e-01</data></R1>
<T1 type_id="opencv-matrix">
  <rows>3</rows>
  <cols>1</cols>
  <dt>f</dt>
  <data>
    -2.50830734e+02 -1.98235500e+00 5.27343826e+01</data></T1>
<stereo_error>4.3286279371454062e-01</stereo_error>
<E type_id="opencv-matrix">
  <rows>3</rows>
  <cols>3</cols>
  <dt>f</dt>
  <data>
    1.33609962e+00 -5.27174950e+01 -1.98123193e+00 -6.14091682e+01
    -1.47640467e+00 2.48844742e+02 4.04669714e+00 -2.50805908e+02
    -6.93141893e-02</data></E>
<F type_id="opencv-matrix">
  <rows>3</rows>
  <cols>3</cols>
  <dt>f</dt>
  <data>
    -4.99264274e-09 1.96991010e-07 -2.25302574e-04 2.29469435e-07
    5.51692514e-09 -4.47743433e-03 -3.67939676e-04 3.76534276e-03 1.</data></F>
</opencv_storage>
