<?xml version="1.0"?>
<opencv_storage>
<K0 type_id="opencv-matrix">
  <rows>3</rows>
  <cols>3</cols>
  <dt>f</dt>
  <data>
    4.38064209e+03 0. 1.68750000e+03 0. 4.38064209e+03 1.35150000e+03 0.
    0. 1.</data></K0>
<k0 type_id="opencv-matrix">
  <rows>5</rows>
  <cols>1</cols>
  <dt>f</dt>
  <data>
    -5.71496263e-02 -9.08291340e-03 0. 0. 0.</data></k0>
<cam0_error>2.5313430568527273e-01</cam0_error>
<K1 type_id="opencv-matrix">
  <rows>3</rows>
  <cols>3</cols>
  <dt>f</dt>
  <data>
    4.37018506e+03 0. 1.68750000e+03 0. 4.37018506e+03 1.35150000e+03 0.
    0. 1.</data></K1>
<k1 type_id="opencv-matrix">
  <rows>5</rows>
  <cols>1</cols>
  <dt>f</dt>
  <data>
    -5.50646856e-02 1.90938525e-02 0. 0. 0.</data></k1>
<cam1_error>2.4966205871991959e-01</cam1_error>
<R1 type_id="opencv-matrix">
  <rows>3</rows>
  <cols>3</cols>
  <dt>f</dt>
  <data>
    9.00027931e-01 6.97748223e-03 4.35776383e-01 -9.62525886e-03
    9.99946177e-01 3.86871514e-03 -4.35725957e-01 -7.67641235e-03
    9.00046647e-01</data></R1>
<T1 type_id="opencv-matrix">
  <rows>3</rows>
  <cols>1</cols>
  <dt>f</dt>
  <data>
    -2.50952271e+02 -1.94895613e+00 5.30725822e+01</data></T1>
<stereo_error>3.1648061755524121e-01</stereo_error>
<E type_id="opencv-matrix">
  <rows>3</rows>
  <cols>3</cols>
  <dt>f</dt>
  <data>
    1.36004806e+00 -5.30547676e+01 -1.95947409e+00 -6.15796127e+01
    -1.55610013e+00 2.48996536e+02 4.16959524e+00 -2.50925171e+02
    -1.21553808e-01</data></E>
<F type_id="opencv-matrix">
  <rows>3</rows>
  <cols>3</cols>
  <dt>f</dt>
  <data>
    -5.01621678e-09 1.95680002e-07 -2.24337506e-04 2.27121888e-07
    5.73930858e-09 -4.41405363e-03 -3.65697575e-04 3.70654510e-03 1.</data></F>
</opencv_storage>
