%YAML:1.0
image_count: 80
image_size: [ 1920, 1080 ]
square_size: 15.
pattern_size: [ 13, 22 ]
robot_pose_count: 80
hand_eye_transform: !!opencv-matrix
   rows: 4
   cols: 4
   dt: d
   data: [ 1.5829432659088261e-02, 5.2590520500245874e-02,
       9.9849069410546054e-01, 1.0245721582591807e+02,
       9.9950750682243705e-01, 2.6229233089253012e-02,
       -1.7227046675077240e-02, 9.4252838808609681e+01,
       -2.7095624504466453e-02, 9.9827163862601176e-01,
       -5.2149426148809158e-02, 5.2365448137082254e+01, 0., 0., 0., 1. ]
calibration_Target_Transform: !!opencv-matrix
   rows: 4
   cols: 4
   dt: d
   data: [ 9.9834874225822456e-01, -5.5839817930317143e-02,
       -1.3479746471277983e-02, 1.2722748909301988e+03,
       5.5980892560677412e-02, 9.9837844887167415e-01,
       1.0325332764599154e-02, -1.1134722436378562e+01,
       1.2881323671532781e-02, -1.1062891217888986e-02,
       9.9985583157691804e-01, -1.7773885843314915e+02, 0., 0., 0., 1. ]
