%YAML:1.0
image_count: 80
image_size: [ 1920, 1080 ]
square_size: 15.
pattern_size: [ 13, 22 ]
robot_pose_count: 80
hand_eye_transform: !!opencv-matrix
   rows: 4
   cols: 4
   dt: d
   data: [ 2.2886858575346189e-01, -5.4473915894460556e-01,
       8.0677036334234165e-01, -1.0049500637907906e+03,
       -9.6533774138352513e-01, -2.0185700616254382e-02,
       2.6022217920689489e-01, -2.2460155260035793e+02,
       -1.2546798601940112e-01, -8.3836256250082797e-01,
       -5.3047714209123153e-01, 6.5453997640793375e+02, 0., 0., 0., 1. ]
calibration_Target_Transform: !!opencv-matrix
   rows: 4
   cols: 4
   dt: d
   data: [ -9.5413686804689135e-01, -2.9879416885572491e-01,
       1.8570990589768594e-02, 1.3340812849264321e+03,
       -2.8697228446866779e-01, 8.9519222320178682e-01,
       -3.4099529537205664e-01, 1.6757717241606503e+01,
       8.5262799511291662e-02, -3.3068554273941086e-01,
       -9.3988154936813095e-01, 1.0189413955466287e+02, 0., 0., 0., 1. ]
