%YAML:1.0
image_count: 90
image_size: [ 3376, 2704 ]
square_size: 10.
pattern_size: [ 11, 12 ]
robot_pose_count: 90
hand_eye_transform: !!opencv-matrix
   rows: 4
   cols: 4
   dt: d
   data: [ -2.1891350227609044e-01, 1.4449765528841082e-02,
       9.7563727009446377e-01, 1.6909458431614289e+02,
       9.7543348643266348e-01, 2.8475258394750534e-02,
       2.1844604186199157e-01, -1.2962106741840265e+02,
       -2.4625029279879744e-02, 9.9949005194424712e-01,
       -2.0328403711343392e-02, 1.4097997044051348e+02, 0., 0., 0., 1. ]
calibration_Target_Transform: !!opencv-matrix
   rows: 4
   cols: 4
   dt: d
   data: [ -9.9990446252355514e-01, -1.6571233306564976e-03,
       -1.3722964976543711e-02, 1.2789774644474833e+03,
       1.5648243614277593e-03, -9.9997610277325499e-01,
       6.7338849953550986e-03, 3.5327731642242476e+01,
       -1.3733795913669813e-02, 6.7117676270696562e-03,
       9.9988316068684846e-01, -1.8208178374043305e+02, 0., 0., 0., 1. ]
